SIZES
  narena                13631488
  nbuffer               16864
  nplugin               0
  maxuse_stack          6156
  maxuse_arena          53884
  maxuse_con            24
  maxuse_efc            96
  solver_nisland        1
  ncon                  24
  ne                    0
  nf                    0
  nl                    0
  nefc                  96
  nJ                    864
  nisland               0
  threadpool            0

TIMER
    0:  duration =  0          number = 0
    1:  duration =  0.59       number = 16
    2:  duration =  0          number = 0
    3:  duration =  0.4        number = 16
    4:  duration =  0.031      number = 16
    5:  duration =  0          number = 0
    6:  duration =  0.14       number = 16
    7:  duration =  0          number = 0
    8:  duration =  0.039      number = 16
    9:  duration =  0.01       number = 16
    10:  duration =  0.23       number = 16
    11:  duration =  0.12       number = 16
    12:  duration =  0.001      number = 16
    13:  duration =  0.047      number = 16
    14:  duration =  0.18       number = 16

SOLVER STAT
  solver_nisland = 1
  solver_fwdinv =   0         0       
ENERGY =   0         0       

TIME =  0       

QPOS
   0       
   0       
   0       
   0       
   0       
   0       
   0       
   0       
   0       

QVEL
   0       
   0       
   0       
   0       
   0       
   0       
   0       
   0       
   0       

QACC_WARMSTART
   0.15    
   4.2     
   12      
  -0.22    
   0.26    
   0.76    
  -0.087   
  -3.9     
   15      

QFRC_APPLIED
   0       
   0       
   0       
   0       
   0       
   0       
   0       
   0       
   0       

XFRC_APPLIED
   0         0         0         0         0         0       
   0         0         0         0         0         0       
   0         0         0         0         0         0       
   0         0         0         0         0         0       
   0         0         0         0         0         0       
   0         0         0         0         0         0       
   0         0         0         0         0         0       
   0         0         0         0         0         0       
   0         0         0         0         0         0       
   0         0         0         0         0         0       

QACC
   0.15    
   4.2     
   12      
  -0.22    
   0.26    
   0.76    
  -0.087   
  -3.9     
   15      

XPOS
   0         0         0       
  -0.054     0.026     0.014   
  -0.053     0.031     0.082   
  -0.054     0.031     0.15    
   0.051     0.033     0.014   
   0.053     0.03      0.082   
   0.053     0.029     0.15    
  -0.00022  -0.06      0.014   
  -0.00097  -0.059     0.082   
  -0.0017   -0.06      0.15    

XQUAT
   1         0         0         0       
   0.18      0.68     -0.18      0.68    
   0.18      0.68     -0.18      0.68    
   0.18      0.68     -0.18      0.68    
   0.18     -0.68     -0.18     -0.68    
   0.18     -0.68     -0.18     -0.68    
   0.18     -0.68     -0.18     -0.68    
   0.5       0.5      -0.5       0.5     
   0.5       0.5      -0.5       0.5     
   0.5       0.5      -0.5       0.5     

XMAT
   1         0         0         0         1         0         0         0         1       
   6.3e-06  -0.5       0.87      0        -0.87     -0.5       1         3.2e-06  -5.5e-06 
   6.3e-06  -0.5       0.87      0        -0.87     -0.5       1         3.2e-06  -5.5e-06 
   6.3e-06  -0.5       0.87      0        -0.87     -0.5       1         3.2e-06  -5.5e-06 
   6.3e-06   0.5       0.87     -2.8e-17  -0.87      0.5       1        -3.2e-06  -5.5e-06 
   6.3e-06   0.5       0.87     -2.8e-17  -0.87      0.5       1        -3.2e-06  -5.5e-06 
   6.3e-06   0.5       0.87     -2.8e-17  -0.87      0.5       1        -3.2e-06  -5.5e-06 
   6.3e-06  -1         3.7e-15  -1.1e-16  -3.7e-15  -1         1         6.3e-06  -1.1e-16 
   6.3e-06  -1         3.7e-15  -1.1e-16  -3.7e-15  -1         1         6.3e-06  -1.1e-16 
   6.3e-06  -1         3.7e-15  -1.1e-16  -3.7e-15  -1         1         6.3e-06  -1.1e-16 

XIPOS
   0         0         0       
  -0.052     0.031     0.067   
  -0.053     0.031     0.14    
  -0.053     0.03      0.2     
   0.052     0.031     0.067   
   0.053     0.03      0.14    
   0.053     0.029     0.2     
  -0.00043  -0.059     0.067   
  -0.0011   -0.06      0.14    
  -0.0021   -0.058     0.2     

XIMAT
   1         0         0         0         1         0         0         0         1       
   0.87      0.5      -0.00086  -0.5       0.87     -0.0015   -5.5e-06   0.0017    1       
   0.87      0.5      -0.011    -0.5       0.87      0.006     0.012     0.00033   1       
   0.87      0.5       0.0045   -0.5       0.87     -0.012    -0.0098    0.0079    1       
   0.87     -0.5       0.0041    0.5       0.87     -0.0071   -5.5e-06   0.0081    1       
   0.87     -0.5       0.0027    0.5       0.87     -0.0062    0.00073   0.0067    1       
   0.87     -0.5       0.0078    0.5       0.87     -0.012    -0.00076   0.014     1       
  -0.0016    1        -0.0039   -1        -0.0016    6.1e-06   5.9e-09   0.0039    1       
  -0.0015    1        -0.0025   -1        -0.0015   -0.0038   -0.0038    0.0025    1       
  -0.0019    1        -0.01     -1        -0.0016    0.031     0.031     0.01      1       

XANCHOR
  -0.054     0.026     0.014   
  -0.053     0.031     0.082   
  -0.054     0.031     0.15    
   0.051     0.033     0.014   
   0.053     0.03      0.082   
   0.053     0.029     0.15    
  -0.00022  -0.06      0.014   
  -0.00097  -0.059     0.082   
  -0.0017   -0.06      0.15    

XAXIS
  -0.87      0.5       5.5e-06 
  -0.5      -0.87     -0.0079  
   0.5       0.87      0.0079  
  -0.87     -0.5       5.5e-06 
   0.5      -0.87     -0.014   
  -0.5       0.87      0.014   
   0.0016    1        -9.8e-09 
  -1         0.0016   -0.01    
  -1         0.0016   -0.01    

GEOM_XPOS
  -0.0019    9e-05    -0.0035  
   0.012    -0.059     0.013   
  -0.058     0.02      0.013   
   0.045     0.042     0.013   
  -0.052     0.031     0.064   
  -0.067     0.04      0.027   
  -0.036     0.022     0.027   
  -0.053     0.031     0.13    
  -0.062     0.015     0.095   
  -0.044     0.046     0.095   
  -0.054     0.031     0.18    
  -0.063     0.015     0.16    
  -0.045     0.046     0.16    
   0.052     0.031     0.064   
   0.037     0.022     0.027   
   0.068     0.04      0.027   
   0.053     0.03      0.13    
   0.062     0.015     0.095   
   0.044     0.046     0.095   
   0.053     0.029     0.18    
   0.062     0.014     0.16    
   0.044     0.045     0.16    
  -0.00022  -0.06      0.064   
  -0.00022  -0.042     0.027   
  -0.00022  -0.078     0.027   
  -0.00097  -0.059     0.13    
  -0.019    -0.059     0.095   
   0.017    -0.059     0.095   
  -0.0017   -0.06      0.18    
  -0.02     -0.06      0.16    
   0.016    -0.06      0.16    

GEOM_XMAT
   6.3e-06  -0.98      0.2      -5.6e-17  -0.2      -0.98      1         6.2e-06  -1.3e-06 
   6.3e-06  -0        -1         0         1        -0         1         0         6.3e-06 
   6.3e-06  -0.87     -0.5       5.6e-17   0.5      -0.87      1         5.5e-06   3.2e-06 
   6.3e-06   0.87     -0.5      -5.6e-17   0.5       0.87      1        -5.5e-06   3.2e-06 
   6.3e-06  -0.5       0.87      0        -0.87     -0.5       1         3.2e-06  -5.5e-06 
   6.3e-06  -0.5       0.87      0        -0.87     -0.5       1         3.2e-06  -5.5e-06 
   6.3e-06  -0.5       0.87      0        -0.87     -0.5       1         3.2e-06  -5.5e-06 
   6.3e-06  -0.5       0.87      0        -0.87     -0.5       1         3.2e-06  -5.5e-06 
   6.3e-06  -0.5       0.87      0        -0.87     -0.5       1         3.2e-06  -5.5e-06 
   6.3e-06  -0.5       0.87      0        -0.87     -0.5       1         3.2e-06  -5.5e-06 
   6.3e-06   0.87      0.5      -5.6e-17  -0.5       0.87      1        -5.5e-06  -3.2e-06 
   6.3e-06  -0.5       0.87      0        -0.87     -0.5       1         3.2e-06  -5.5e-06 
   6.3e-06  -0.5       0.87      0        -0.87     -0.5       1         3.2e-06  -5.5e-06 
   6.3e-06   0.5       0.87     -2.8e-17  -0.87      0.5       1        -3.2e-06  -5.5e-06 
   6.3e-06   0.5       0.87     -2.8e-17  -0.87      0.5       1        -3.2e-06  -5.5e-06 
   6.3e-06   0.5       0.87     -2.8e-17  -0.87      0.5       1        -3.2e-06  -5.5e-06 
   6.3e-06   0.5       0.87     -2.8e-17  -0.87      0.5       1        -3.2e-06  -5.5e-06 
   6.3e-06   0.5       0.87     -2.8e-17  -0.87      0.5       1        -3.2e-06  -5.5e-06 
   6.3e-06   0.5       0.87     -2.8e-17  -0.87      0.5       1        -3.2e-06  -5.5e-06 
   6.3e-06   0.87     -0.5      -5.6e-17   0.5       0.87      1        -5.5e-06   3.2e-06 
   6.3e-06   0.5       0.87     -2.8e-17  -0.87      0.5       1        -3.2e-06  -5.5e-06 
   6.3e-06   0.5       0.87     -2.8e-17  -0.87      0.5       1        -3.2e-06  -5.5e-06 
   6.3e-06  -1         3.7e-15  -1.1e-16  -3.7e-15  -1         1         6.3e-06  -1.1e-16 
   6.3e-06  -1         3.7e-15  -1.1e-16  -3.7e-15  -1         1         6.3e-06  -1.1e-16 
   6.3e-06  -1         3.7e-15  -1.1e-16  -3.7e-15  -1         1         6.3e-06  -1.1e-16 
   6.3e-06  -1         3.7e-15  -1.1e-16  -3.7e-15  -1         1         6.3e-06  -1.1e-16 
   6.3e-06  -1         3.7e-15  -1.1e-16  -3.7e-15  -1         1         6.3e-06  -1.1e-16 
   6.3e-06  -1         3.7e-15  -1.1e-16  -3.7e-15  -1         1         6.3e-06  -1.1e-16 
   6.3e-06   3.7e-15   1        -7.8e-17  -1         3.7e-15   1        -7.9e-17  -6.3e-06 
   6.3e-06  -1         3.7e-15  -1.1e-16  -3.7e-15  -1         1         6.3e-06  -1.1e-16 
   6.3e-06  -1         3.7e-15  -1.1e-16  -3.7e-15  -1         1         6.3e-06  -1.1e-16 

SUBTREE_COM
  -0.00042   0.0005    0.12    
  -0.053     0.031     0.12    
  -0.053     0.031     0.16    
  -0.053     0.03      0.2     
   0.053     0.03      0.12    
   0.053     0.029     0.16    
   0.053     0.029     0.2     
  -0.0011   -0.059     0.12    
  -0.0015   -0.059     0.16    
  -0.0021   -0.058     0.2     

CDOF
  -0.87      0.5       5.5e-06   0.053     0.092    -0.0045  
  -0.5      -0.87     -0.0079   -0.033     0.019    -0.00035 
   0.5       0.87      0.0079   -0.026     0.015    -0.0005  
  -0.87     -0.5       5.5e-06  -0.053     0.092     0.0038  
   0.5      -0.87     -0.014    -0.033    -0.019    -1.9e-05 
  -0.5       0.87      0.014    -0.026    -0.015    -3.1e-05 
   0.0016    1        -9.8e-09   0.11     -0.00017   0.00083 
  -1         0.0016   -0.01      6.1e-05   0.038    -0.00015 
  -1         0.0016   -0.01     -4.3e-05  -0.03     -0.00041 

CINERT
   0         0         0         0         0         0         0         0         0         0       
   0.00016   0.00016   8.5e-06  -4.9e-07   1.5e-06   7.1e-07   2.8e-05   1.3e-05  -0.0027    0.05    
   2.4e-05   2.3e-05   8.5e-06  -9.9e-07   2.7e-07  -1.2e-07  -1.5e-05   6.1e-06   0.00074   0.05    
   0.00015   0.00015   3.5e-06  -6.6e-07   9.6e-07   1.5e-06  -1.3e-05  -1.9e-05   0.0019    0.026   
   0.00016   0.00016   8.5e-06   4.9e-07  -1.1e-06   2e-06    -2e-05     3.7e-05  -0.0027    0.05    
   2.4e-05   2.3e-05   8.5e-06   9.9e-07  -4.3e-08   1.1e-07   2.5e-06  -6.4e-06   0.00074   0.05    
   0.00015   0.00015   3.5e-06   6.7e-07  -1.4e-06   2.4e-06   1.8e-05  -3.1e-05   0.0019    0.026   
   0.00016   0.00016   8.5e-06   6.5e-09   1.7e-06  -4.1e-07   3.1e-05  -7.7e-06  -0.0027    0.05    
   2.2e-05   2.4e-05   8.5e-06   2.1e-09   6.1e-08   2.8e-07  -3.7e-06  -1.8e-05   0.00074   0.05    
   0.00015   0.00015   3.5e-06   3.1e-08   2.1e-06  -2.1e-06  -2.7e-05   2.5e-05   0.0019    0.026   

CRB
   0         0         0         0         0         0         0         0         0         0       
   0.00033   0.00033   2e-05    -2.1e-06   2.7e-06   2.1e-06   1.7e-19  -8.5e-19  -1.3e-18   0.13    
   0.00018   0.00018   1.2e-05  -1.6e-06   1.2e-06   1.4e-06  -2.8e-05  -1.3e-05   0.0027    0.076   
   0.00015   0.00015   3.5e-06  -6.6e-07   9.6e-07   1.5e-06  -1.3e-05  -1.9e-05   0.0019    0.026   
   0.00033   0.00033   2.1e-05   2.2e-06  -2.5e-06   4.5e-06  -4.8e-19   5.3e-19   1.7e-18   0.13    
   0.00018   0.00018   1.2e-05   1.7e-06  -1.4e-06   2.5e-06   2e-05    -3.7e-05   0.0027    0.076   
   0.00015   0.00015   3.5e-06   6.7e-07  -1.4e-06   2.4e-06   1.8e-05  -3.1e-05   0.0019    0.026   
   0.00033   0.00034   2.1e-05   3.9e-08   3.8e-06  -2.2e-06  -1.4e-20  -1.2e-18   1.7e-18   0.13    
   0.00017   0.00018   1.2e-05   3.3e-08   2.1e-06  -1.8e-06  -3.1e-05   7.7e-06   0.0027    0.076   
   0.00015   0.00015   3.5e-06   3.1e-08   2.1e-06  -2.1e-06  -2.7e-05   2.5e-05   0.0019    0.026   

QM
   0.0018    2.3e-07   5.7e-08   0         0         0         0         0         0       
   2.3e-07   0.00049  -0.00014   0         0         0         0         0         0       
   5.7e-08  -0.00014   5.8e-05   0         0         0         0         0         0       
   0         0         0         0.0018   -5.5e-09  -2.3e-09   0         0         0       
   0         0         0        -5.5e-09   0.00049  -0.00014   0         0         0       
   0         0         0        -2.3e-09  -0.00014   5.8e-05   0         0         0       
   0         0         0         0         0         0         0.0018   -4.9e-09  -1.8e-09 
   0         0         0         0         0         0        -4.9e-09   0.00049   0.00014 
   0         0         0         0         0         0        -1.8e-09   0.00014   5.8e-05 

QLD
   0.0018    0.0022    0.00098   0         0         0         0         0         0       
   0.0022    0.00017  -2.4       0         0         0         0         0         0       
   0.00098  -2.4       5.8e-05   0         0         0         0         0         0       
   0         0         0         0.0018   -6.5e-05  -3.9e-05   0         0         0       
   0         0         0        -6.5e-05   0.00017  -2.4       0         0         0       
   0         0         0        -3.9e-05  -2.4       5.8e-05   0         0         0       
   0         0         0         0         0         0         0.0018   -3.1e-06  -3.2e-05 
   0         0         0         0         0         0        -3.1e-06   0.00017   2.4     
   0         0         0         0         0         0        -3.2e-05   2.4       5.8e-05 

QLDIAGINV
   5.6e+02 
   6e+03   
   1.7e+04 
   5.6e+02 
   6e+03   
   1.7e+04 
   5.7e+02 
   6e+03   
   1.7e+04 

QLDIAGSQRTINV
   24      
   77      
   1.3e+02 
   24      
   77      
   1.3e+02 
   24      
   77      
   1.3e+02 

B: body-dof matrix
-----------
 xxxxxxxxx |
 xxx       |
 xxx       |
 xxx       |
    xxx    |
    xxx    |
    xxx    |
       xxx |
       xxx |
       xxx |
-----------

B_rownnz              9 3 3 3 3 3 3 3 3 3

B_rowadr              0 9 12 15 18 21 24 27 30 33

B_colind              0 1 2 3 4 5 6 7 8 0 1 2 0 1 2 0 1 2 3 4 5 3 4 5 3 4 5 6 7 8 6 7 8 6 7 8

C: reduced dof-dof matrix
-----------
 xxx       |
 xxx       |
 xxx       |
    xxx    |
    xxx    |
    xxx    |
       xxx |
       xxx |
       xxx |
-----------

C_rownnz              3 3 3 3 3 3 3 3 3

C_rowadr              0 3 6 9 12 15 18 21 24

C_colind              0 1 2 0 1 2 0 1 2 3 4 5 3 4 5 3 4 5 6 7 8 6 7 8 6 7 8

mapM2C                0 2 5 2 1 4 5 4 3 6 8 11 8 7 10 11 10 9 12 14 17 14 13 16 17 16 15

D: dof-dof matrix
-----------
 xxx       |
 xxx       |
 xxx       |
    xxx    |
    xxx    |
    xxx    |
       xxx |
       xxx |
       xxx |
-----------

D_rownnz              3 3 3 3 3 3 3 3 3

D_rowadr              0 3 6 9 12 15 18 21 24

D_colind              0 1 2 0 1 2 0 1 2 3 4 5 3 4 5 3 4 5 6 7 8 6 7 8 6 7 8

mapM2D                0 2 5 2 1 4 5 4 3 6 8 11 8 7 10 11 10 9 12 14 17 14 13 16 17 16 15

mapD2M                0 4 3 8 7 6 9 13 12 17 16 15 18 22 21 26 25 24

QDERIV
   0         0         0         0         0         0         0         0         0       
   0         0         0         0         0         0         0         0         0       
   0         0         0         0         0         0         0         0         0       
   0         0         0         0         0         0         0         0         0       
   0         0         0         0         0         0         0         0         0       
   0         0         0         0         0         0         0         0         0       
   0         0         0         0         0         0         0         0         0       
   0         0         0         0         0         0         0         0         0       
   0         0         0         0         0         0         0         0         0       

QLU
   0         0         0         0         0         0         0         0         0       
   0         0         0         0         0         0         0         0         0       
   0         0         0         0         0         0         0         0         0       
   0         0         0         0         0         0         0         0         0       
   0         0         0         0         0         0         0         0         0       
   0         0         0         0         0         0         0         0         0       
   0         0         0         0         0         0         0         0         0       
   0         0         0         0         0         0         0         0         0       
   0         0         0         0         0         0         0         0         0       

CONTACT
  0:
     dim           3
     geoms         2 : 5
     exclude       0
     efc_address   0
     solref         0.02      1       
     solimp         0.9       0.95      0.001     0.5       2       
     dist          -0.0035  
     includemargin  0       
     pos           -0.072     0.029     0.026   
     frame         -0.87      0.5       5.5e-06   0.5       0.87     -3.2e-06  -6.3e-06   0        -1       
     friction       1         1         0.005     0.0001    0.0001  
     mu             1       
  1:
     dim           3
     geoms         2 : 5
     exclude       0
     efc_address   4
     solref         0.02      1       
     solimp         0.9       0.95      0.001     0.5       2       
     dist          -0.0035  
     includemargin  0       
     pos           -0.06      0.049     0.026   
     frame         -0.87      0.5       5.5e-06   0.5       0.87     -3.2e-06  -6.3e-06   0        -1       
     friction       1         1         0.005     0.0001    0.0001  
     mu             1       
  2:
     dim           3
     geoms         2 : 5
     exclude       0
     efc_address   8
     solref         0.02      1       
     solimp         0.9       0.95      0.001     0.5       2       
     dist          -0.0035  
     includemargin  0       
     pos           -0.072     0.029     0.012   
     frame         -0.87      0.5       5.5e-06   0.5       0.87     -3.2e-06  -6.3e-06   0        -1       
     friction       1         1         0.005     0.0001    0.0001  
     mu             1       
  3:
     dim           3
     geoms         2 : 5
     exclude       0
     efc_address   12
     solref         0.02      1       
     solimp         0.9       0.95      0.001     0.5       2       
     dist          -0.0035  
     includemargin  0       
     pos           -0.06      0.049     0.012   
     frame         -0.87      0.5       5.5e-06   0.5       0.87     -3.2e-06  -6.3e-06   0        -1       
     friction       1         1         0.005     0.0001    0.0001  
     mu             1       
  4:
     dim           3
     geoms         2 : 6
     exclude       0
     efc_address   16
     solref         0.02      1       
     solimp         0.9       0.95      0.001     0.5       2       
     dist          -0.0035  
     includemargin  0       
     pos           -0.031     0.033     0.026   
     frame          0.87     -0.5      -5.5e-06   0.5       0.87     -3.2e-06   6.3e-06   0         1       
     friction       1         1         0.005     0.0001    0.0001  
     mu             1       
  5:
     dim           3
     geoms         2 : 6
     exclude       0
     efc_address   20
     solref         0.02      1       
     solimp         0.9       0.95      0.001     0.5       2       
     dist          -0.0035  
     includemargin  0       
     pos           -0.043     0.012     0.026   
     frame          0.87     -0.5      -5.5e-06   0.5       0.87     -3.2e-06   6.3e-06   0         1       
     friction       1         1         0.005     0.0001    0.0001  
     mu             1       
  6:
     dim           3
     geoms         2 : 6
     exclude       0
     efc_address   24
     solref         0.02      1       
     solimp         0.9       0.95      0.001     0.5       2       
     dist          -0.0035  
     includemargin  0       
     pos           -0.031     0.033     0.012   
     frame          0.87     -0.5      -5.5e-06   0.5       0.87     -3.2e-06   6.3e-06   0         1       
     friction       1         1         0.005     0.0001    0.0001  
     mu             1       
  7:
     dim           3
     geoms         2 : 6
     exclude       0
     efc_address   28
     solref         0.02      1       
     solimp         0.9       0.95      0.001     0.5       2       
     dist          -0.0035  
     includemargin  0       
     pos           -0.043     0.012     0.012   
     frame          0.87     -0.5      -5.5e-06   0.5       0.87     -3.2e-06   6.3e-06   0         1       
     friction       1         1         0.005     0.0001    0.0001  
     mu             1       
  8:
     dim           3
     geoms         3 : 14
     exclude       0
     efc_address   32
     solref         0.02      1       
     solimp         0.9       0.95      0.001     0.5       2       
     dist          -0.0039  
     includemargin  0       
     pos            0.044     0.012     0.012   
     frame         -0.87     -0.5       5.5e-06   4.7e-06   2.7e-06   1        -0.5       0.87      4.2e-22 
     friction       1         1         0.005     0.0001    0.0001  
     mu             1       
  9:
     dim           3
     geoms         3 : 14
     exclude       0
     efc_address   36
     solref         0.02      1       
     solimp         0.9       0.95      0.001     0.5       2       
     dist          -0.0039  
     includemargin  0       
     pos            0.032     0.033     0.026   
     frame         -0.87     -0.5       5.5e-06   4.7e-06   2.7e-06   1        -0.5       0.87      4.2e-22 
     friction       1         1         0.005     0.0001    0.0001  
     mu             1       
  10:
     dim           3
     geoms         3 : 14
     exclude       0
     efc_address   40
     solref         0.02      1       
     solimp         0.9       0.95      0.001     0.5       2       
     dist          -0.0039  
     includemargin  0       
     pos            0.032     0.033     0.012   
     frame         -0.87     -0.5       5.5e-06   4.7e-06   2.7e-06   1        -0.5       0.87      4.2e-22 
     friction       1         1         0.005     0.0001    0.0001  
     mu             1       
  11:
     dim           3
     geoms         3 : 14
     exclude       0
     efc_address   44
     solref         0.02      1       
     solimp         0.9       0.95      0.001     0.5       2       
     dist          -0.0039  
     includemargin  0       
     pos            0.044     0.012     0.026   
     frame         -0.87     -0.5       5.5e-06   4.7e-06   2.7e-06   1        -0.5       0.87      4.2e-22 
     friction       1         1         0.005     0.0001    0.0001  
     mu             1       
  12:
     dim           3
     geoms         3 : 15
     exclude       0
     efc_address   48
     solref         0.02      1       
     solimp         0.9       0.95      0.001     0.5       2       
     dist          -0.0031  
     includemargin  0       
     pos            0.06      0.049     0.026   
     frame          0.87      0.5      -5.5e-06  -0.5       0.87      3.2e-06   6.3e-06   0         1       
     friction       1         1         0.005     0.0001    0.0001  
     mu             1       
  13:
     dim           3
     geoms         3 : 15
     exclude       0
     efc_address   52
     solref         0.02      1       
     solimp         0.9       0.95      0.001     0.5       2       
     dist          -0.0031  
     includemargin  0       
     pos            0.072     0.029     0.012   
     frame          0.87      0.5      -5.5e-06  -0.5       0.87      3.2e-06   6.3e-06   0         1       
     friction       1         1         0.005     0.0001    0.0001  
     mu             1       
  14:
     dim           3
     geoms         3 : 15
     exclude       0
     efc_address   56
     solref         0.02      1       
     solimp         0.9       0.95      0.001     0.5       2       
     dist          -0.0031  
     includemargin  0       
     pos            0.072     0.029     0.026   
     frame          0.87      0.5      -5.5e-06  -0.5       0.87      3.2e-06   6.3e-06   0         1       
     friction       1         1         0.005     0.0001    0.0001  
     mu             1       
  15:
     dim           3
     geoms         3 : 15
     exclude       0
     efc_address   60
     solref         0.02      1       
     solimp         0.9       0.95      0.001     0.5       2       
     dist          -0.0031  
     includemargin  0       
     pos            0.06      0.049     0.012   
     frame          0.87      0.5      -5.5e-06  -0.5       0.87      3.2e-06   6.3e-06   0         1       
     friction       1         1         0.005     0.0001    0.0001  
     mu             1       
  16:
     dim           3
     geoms         1 : 23
     exclude       0
     efc_address   64
     solref         0.02      1       
     solimp         0.9       0.95      0.001     0.5       2       
     dist          -0.0038  
     includemargin  0       
     pos            0.012    -0.043     0.026   
     frame         -3.7e-15   1         1.1e-16   4.1e-31  -1.1e-16   1         1         3.7e-15   0       
     friction       1         1         0.005     0.0001    0.0001  
     mu             1       
  17:
     dim           3
     geoms         1 : 23
     exclude       0
     efc_address   68
     solref         0.02      1       
     solimp         0.9       0.95      0.001     0.5       2       
     dist          -0.0038  
     includemargin  0       
     pos           -0.012    -0.043     0.026   
     frame         -3.7e-15   1         1.1e-16   4.1e-31  -1.1e-16   1         1         3.7e-15   0       
     friction       1         1         0.005     0.0001    0.0001  
     mu             1       
  18:
     dim           3
     geoms         1 : 23
     exclude       0
     efc_address   72
     solref         0.02      1       
     solimp         0.9       0.95      0.001     0.5       2       
     dist          -0.0038  
     includemargin  0       
     pos            0.012    -0.043     0.012   
     frame         -3.7e-15   1         1.1e-16   4.1e-31  -1.1e-16   1         1         3.7e-15   0       
     friction       1         1         0.005     0.0001    0.0001  
     mu             1       
  19:
     dim           3
     geoms         1 : 23
     exclude       0
     efc_address   76
     solref         0.02      1       
     solimp         0.9       0.95      0.001     0.5       2       
     dist          -0.0038  
     includemargin  0       
     pos           -0.012    -0.043     0.012   
     frame         -3.7e-15   1         1.1e-16   4.1e-31  -1.1e-16   1         1         3.7e-15   0       
     friction       1         1         0.005     0.0001    0.0001  
     mu             1       
  20:
     dim           3
     geoms         1 : 24
     exclude       0
     efc_address   80
     solref         0.02      1       
     solimp         0.9       0.95      0.001     0.5       2       
     dist          -0.0032  
     includemargin  0       
     pos            0.012    -0.076     0.026   
     frame          0        -1         0         0         0         1        -1         0         0       
     friction       1         1         0.005     0.0001    0.0001  
     mu             1       
  21:
     dim           3
     geoms         1 : 24
     exclude       0
     efc_address   84
     solref         0.02      1       
     solimp         0.9       0.95      0.001     0.5       2       
     dist          -0.0032  
     includemargin  0       
     pos           -0.012    -0.076     0.026   
     frame          0        -1         0         0         0         1        -1         0         0       
     friction       1         1         0.005     0.0001    0.0001  
     mu             1       
  22:
     dim           3
     geoms         1 : 24
     exclude       0
     efc_address   88
     solref         0.02      1       
     solimp         0.9       0.95      0.001     0.5       2       
     dist          -0.0032  
     includemargin  0       
     pos            0.012    -0.076     0.012   
     frame          0        -1         0         0         0         1        -1         0         0       
     friction       1         1         0.005     0.0001    0.0001  
     mu             1       
  23:
     dim           3
     geoms         1 : 24
     exclude       0
     efc_address   92
     solref         0.02      1       
     solimp         0.9       0.95      0.001     0.5       2       
     dist          -0.0032  
     includemargin  0       
     pos           -0.012    -0.076     0.012   
     frame          0        -1         0         0         0         1        -1         0         0       
     friction       1         1         0.005     0.0001    0.0001  
     mu             1       

EFC_TYPE
  6
  6
  6
  6
  6
  6
  6
  6
  6
  6
  6
  6
  6
  6
  6
  6
  6
  6
  6
  6
  6
  6
  6
  6
  6
  6
  6
  6
  6
  6
  6
  6
  6
  6
  6
  6
  6
  6
  6
  6
  6
  6
  6
  6
  6
  6
  6
  6
  6
  6
  6
  6
  6
  6
  6
  6
  6
  6
  6
  6
  6
  6
  6
  6
  6
  6
  6
  6
  6
  6
  6
  6
  6
  6
  6
  6
  6
  6
  6
  6
  6
  6
  6
  6
  6
  6
  6
  6
  6
  6
  6
  6
  6
  6
  6
  6

EFC_ID
  0
  0
  0
  0
  1
  1
  1
  1
  2
  2
  2
  2
  3
  3
  3
  3
  4
  4
  4
  4
  5
  5
  5
  5
  6
  6
  6
  6
  7
  7
  7
  7
  8
  8
  8
  8
  9
  9
  9
  9
  10
  10
  10
  10
  11
  11
  11
  11
  12
  12
  12
  12
  13
  13
  13
  13
  14
  14
  14
  14
  15
  15
  15
  15
  16
  16
  16
  16
  17
  17
  17
  17
  18
  18
  18
  18
  19
  19
  19
  19
  20
  20
  20
  20
  21
  21
  21
  21
  22
  22
  22
  22
  23
  23
  23
  23

EFC_J
   0.012     0         0         0         0         0         0         0         0       
  -0.012     0         0         0         0         0         0         0         0       
  -0.007     0         0         0         0         0         0         0         0       
   0.007     0         0         0         0         0         0         0         0       
   0.012     0         0         0         0         0         0         0         0       
  -0.012     0         0         0         0         0         0         0         0       
   0.017     0         0         0         0         0         0         0         0       
  -0.017     0         0         0         0         0         0         0         0       
  -0.002     0         0         0         0         0         0         0         0       
   0.002     0         0         0         0         0         0         0         0       
  -0.007     0         0         0         0         0         0         0         0       
   0.007     0         0         0         0         0         0         0         0       
  -0.002     0         0         0         0         0         0         0         0       
   0.002     0         0         0         0         0         0         0         0       
   0.017     0         0         0         0         0         0         0         0       
  -0.017     0         0         0         0         0         0         0         0       
   0.012     0         0         0         0         0         0         0         0       
  -0.012     0         0         0         0         0         0         0         0       
  -0.017     0         0         0         0         0         0         0         0       
   0.017     0         0         0         0         0         0         0         0       
   0.012     0         0         0         0         0         0         0         0       
  -0.012     0         0         0         0         0         0         0         0       
   0.007     0         0         0         0         0         0         0         0       
  -0.007     0         0         0         0         0         0         0         0       
  -0.002     0         0         0         0         0         0         0         0       
   0.002     0         0         0         0         0         0         0         0       
  -0.017     0         0         0         0         0         0         0         0       
   0.017     0         0         0         0         0         0         0         0       
  -0.002     0         0         0         0         0         0         0         0       
   0.002     0         0         0         0         0         0         0         0       
   0.007     0         0         0         0         0         0         0         0       
  -0.007     0         0         0         0         0         0         0         0       
   0         0         0         0.015     0         0         0         0         0       
   0         0         0        -0.015     0         0         0         0         0       
   0         0         0        -0.002     0         0         0         0         0       
   0         0         0         0.002     0         0         0         0         0       
   0         0         0        -0.009     0         0         0         0         0       
   0         0         0         0.009     0         0         0         0         0       
   0         0         0         0.012     0         0         0         0         0       
   0         0         0        -0.012     0         0         0         0         0       
   0         0         0        -0.009     0         0         0         0         0       
   0         0         0         0.009     0         0         0         0         0       
   0         0         0        -0.002     0         0         0         0         0       
   0         0         0         0.002     0         0         0         0         0       
   0         0         0         0.015     0         0         0         0         0       
   0         0         0        -0.015     0         0         0         0         0       
   0         0         0         0.012     0         0         0         0         0       
   0         0         0        -0.012     0         0         0         0         0       
   0         0         0         0.012     0         0         0         0         0       
   0         0         0        -0.012     0         0         0         0         0       
   0         0         0        -0.009     0         0         0         0         0       
   0         0         0         0.009     0         0         0         0         0       
   0         0         0        -0.002     0         0         0         0         0       
   0         0         0         0.002     0         0         0         0         0       
   0         0         0         0.014     0         0         0         0         0       
   0         0         0        -0.014     0         0         0         0         0       
   0         0         0         0.012     0         0         0         0         0       
   0         0         0        -0.012     0         0         0         0         0       
   0         0         0         0.014     0         0         0         0         0       
   0         0         0        -0.014     0         0         0         0         0       
   0         0         0        -0.002     0         0         0         0         0       
   0         0         0         0.002     0         0         0         0         0       
   0         0         0        -0.009     0         0         0         0         0       
   0         0         0         0.009     0         0         0         0         0       
   0         0         0         0         0         0        -0.012     0         0       
   0         0         0         0         0         0         0.012     0         0       
   0         0         0         0         0         0         0.012     0         0       
   0         0         0         0         0         0        -0.012     0         0       
   0         0         0         0         0         0         0.012     0         0       
   0         0         0         0         0         0        -0.012     0         0       
   0         0         0         0         0         0         0.012     0         0       
   0         0         0         0         0         0        -0.012     0         0       
   0         0         0         0         0         0        -0.012     0         0       
   0         0         0         0         0         0         0.012     0         0       
   0         0         0         0         0         0        -0.002     0         0       
   0         0         0         0         0         0         0.002     0         0       
   0         0         0         0         0         0         0.012     0         0       
   0         0         0         0         0         0        -0.012     0         0       
   0         0         0         0         0         0        -0.002     0         0       
   0         0         0         0         0         0         0.002     0         0       
   0         0         0         0         0         0        -0.012     0         0       
   0         0         0         0         0         0         0.012     0         0       
   0         0         0         0         0         0        -0.012     0         0       
   0         0         0         0         0         0         0.012     0         0       
   0         0         0         0         0         0         0.012     0         0       
   0         0         0         0         0         0        -0.012     0         0       
   0         0         0         0         0         0        -0.012     0         0       
   0         0         0         0         0         0         0.012     0         0       
   0         0         0         0         0         0        -0.012     0         0       
   0         0         0         0         0         0         0.012     0         0       
   0         0         0         0         0         0         0.002     0         0       
   0         0         0         0         0         0        -0.002     0         0       
   0         0         0         0         0         0         0.012     0         0       
   0         0         0         0         0         0        -0.012     0         0       
   0         0         0         0         0         0         0.002     0         0       
   0         0         0         0         0         0        -0.002     0         0       

EFC_POS
  -0.0035  
  -0.0035  
  -0.0035  
  -0.0035  
  -0.0035  
  -0.0035  
  -0.0035  
  -0.0035  
  -0.0035  
  -0.0035  
  -0.0035  
  -0.0035  
  -0.0035  
  -0.0035  
  -0.0035  
  -0.0035  
  -0.0035  
  -0.0035  
  -0.0035  
  -0.0035  
  -0.0035  
  -0.0035  
  -0.0035  
  -0.0035  
  -0.0035  
  -0.0035  
  -0.0035  
  -0.0035  
  -0.0035  
  -0.0035  
  -0.0035  
  -0.0035  
  -0.0039  
  -0.0039  
  -0.0039  
  -0.0039  
  -0.0039  
  -0.0039  
  -0.0039  
  -0.0039  
  -0.0039  
  -0.0039  
  -0.0039  
  -0.0039  
  -0.0039  
  -0.0039  
  -0.0039  
  -0.0039  
  -0.0031  
  -0.0031  
  -0.0031  
  -0.0031  
  -0.0031  
  -0.0031  
  -0.0031  
  -0.0031  
  -0.0031  
  -0.0031  
  -0.0031  
  -0.0031  
  -0.0031  
  -0.0031  
  -0.0031  
  -0.0031  
  -0.0038  
  -0.0038  
  -0.0038  
  -0.0038  
  -0.0038  
  -0.0038  
  -0.0038  
  -0.0038  
  -0.0038  
  -0.0038  
  -0.0038  
  -0.0038  
  -0.0038  
  -0.0038  
  -0.0038  
  -0.0038  
  -0.0032  
  -0.0032  
  -0.0032  
  -0.0032  
  -0.0032  
  -0.0032  
  -0.0032  
  -0.0032  
  -0.0032  
  -0.0032  
  -0.0032  
  -0.0032  
  -0.0032  
  -0.0032  
  -0.0032  
  -0.0032  

EFC_MARGIN
   0       
   0       
   0       
   0       
   0       
   0       
   0       
   0       
   0       
   0       
   0       
   0       
   0       
   0       
   0       
   0       
   0       
   0       
   0       
   0       
   0       
   0       
   0       
   0       
   0       
   0       
   0       
   0       
   0       
   0       
   0       
   0       
   0       
   0       
   0       
   0       
   0       
   0       
   0       
   0       
   0       
   0       
   0       
   0       
   0       
   0       
   0       
   0       
   0       
   0       
   0       
   0       
   0       
   0       
   0       
   0       
   0       
   0       
   0       
   0       
   0       
   0       
   0       
   0       
   0       
   0       
   0       
   0       
   0       
   0       
   0       
   0       
   0       
   0       
   0       
   0       
   0       
   0       
   0       
   0       
   0       
   0       
   0       
   0       
   0       
   0       
   0       
   0       
   0       
   0       
   0       
   0       
   0       
   0       
   0       
   0       

EFC_FRICTIONLOSS
   0       
   0       
   0       
   0       
   0       
   0       
   0       
   0       
   0       
   0       
   0       
   0       
   0       
   0       
   0       
   0       
   0       
   0       
   0       
   0       
   0       
   0       
   0       
   0       
   0       
   0       
   0       
   0       
   0       
   0       
   0       
   0       
   0       
   0       
   0       
   0       
   0       
   0       
   0       
   0       
   0       
   0       
   0       
   0       
   0       
   0       
   0       
   0       
   0       
   0       
   0       
   0       
   0       
   0       
   0       
   0       
   0       
   0       
   0       
   0       
   0       
   0       
   0       
   0       
   0       
   0       
   0       
   0       
   0       
   0       
   0       
   0       
   0       
   0       
   0       
   0       
   0       
   0       
   0       
   0       
   0       
   0       
   0       
   0       
   0       
   0       
   0       
   0       
   0       
   0       
   0       
   0       
   0       
   0       
   0       
   0       

EFC_DIAGAPPROX
   2.1     
   2.1     
   2.1     
   2.1     
   2.1     
   2.1     
   2.1     
   2.1     
   2.1     
   2.1     
   2.1     
   2.1     
   2.1     
   2.1     
   2.1     
   2.1     
   2.1     
   2.1     
   2.1     
   2.1     
   2.1     
   2.1     
   2.1     
   2.1     
   2.1     
   2.1     
   2.1     
   2.1     
   2.1     
   2.1     
   2.1     
   2.1     
   2.1     
   2.1     
   2.1     
   2.1     
   2.1     
   2.1     
   2.1     
   2.1     
   2.1     
   2.1     
   2.1     
   2.1     
   2.1     
   2.1     
   2.1     
   2.1     
   2.1     
   2.1     
   2.1     
   2.1     
   2.1     
   2.1     
   2.1     
   2.1     
   2.1     
   2.1     
   2.1     
   2.1     
   2.1     
   2.1     
   2.1     
   2.1     
   2.1     
   2.1     
   2.1     
   2.1     
   2.1     
   2.1     
   2.1     
   2.1     
   2.1     
   2.1     
   2.1     
   2.1     
   2.1     
   2.1     
   2.1     
   2.1     
   2.1     
   2.1     
   2.1     
   2.1     
   2.1     
   2.1     
   2.1     
   2.1     
   2.1     
   2.1     
   2.1     
   2.1     
   2.1     
   2.1     
   2.1     
   2.1     

EFC_KBIP
   2.8e+03   1.1e+02   0.95      0       
   2.8e+03   1.1e+02   0.95      0       
   2.8e+03   1.1e+02   0.95      0       
   2.8e+03   1.1e+02   0.95      0       
   2.8e+03   1.1e+02   0.95      0       
   2.8e+03   1.1e+02   0.95      0       
   2.8e+03   1.1e+02   0.95      0       
   2.8e+03   1.1e+02   0.95      0       
   2.8e+03   1.1e+02   0.95      0       
   2.8e+03   1.1e+02   0.95      0       
   2.8e+03   1.1e+02   0.95      0       
   2.8e+03   1.1e+02   0.95      0       
   2.8e+03   1.1e+02   0.95      0       
   2.8e+03   1.1e+02   0.95      0       
   2.8e+03   1.1e+02   0.95      0       
   2.8e+03   1.1e+02   0.95      0       
   2.8e+03   1.1e+02   0.95      0       
   2.8e+03   1.1e+02   0.95      0       
   2.8e+03   1.1e+02   0.95      0       
   2.8e+03   1.1e+02   0.95      0       
   2.8e+03   1.1e+02   0.95      0       
   2.8e+03   1.1e+02   0.95      0       
   2.8e+03   1.1e+02   0.95      0       
   2.8e+03   1.1e+02   0.95      0       
   2.8e+03   1.1e+02   0.95      0       
   2.8e+03   1.1e+02   0.95      0       
   2.8e+03   1.1e+02   0.95      0       
   2.8e+03   1.1e+02   0.95      0       
   2.8e+03   1.1e+02   0.95      0       
   2.8e+03   1.1e+02   0.95      0       
   2.8e+03   1.1e+02   0.95      0       
   2.8e+03   1.1e+02   0.95      0       
   2.8e+03   1.1e+02   0.95      0       
   2.8e+03   1.1e+02   0.95      0       
   2.8e+03   1.1e+02   0.95      0       
   2.8e+03   1.1e+02   0.95      0       
   2.8e+03   1.1e+02   0.95      0       
   2.8e+03   1.1e+02   0.95      0       
   2.8e+03   1.1e+02   0.95      0       
   2.8e+03   1.1e+02   0.95      0       
   2.8e+03   1.1e+02   0.95      0       
   2.8e+03   1.1e+02   0.95      0       
   2.8e+03   1.1e+02   0.95      0       
   2.8e+03   1.1e+02   0.95      0       
   2.8e+03   1.1e+02   0.95      0       
   2.8e+03   1.1e+02   0.95      0       
   2.8e+03   1.1e+02   0.95      0       
   2.8e+03   1.1e+02   0.95      0       
   2.8e+03   1.1e+02   0.95      0       
   2.8e+03   1.1e+02   0.95      0       
   2.8e+03   1.1e+02   0.95      0       
   2.8e+03   1.1e+02   0.95      0       
   2.8e+03   1.1e+02   0.95      0       
   2.8e+03   1.1e+02   0.95      0       
   2.8e+03   1.1e+02   0.95      0       
   2.8e+03   1.1e+02   0.95      0       
   2.8e+03   1.1e+02   0.95      0       
   2.8e+03   1.1e+02   0.95      0       
   2.8e+03   1.1e+02   0.95      0       
   2.8e+03   1.1e+02   0.95      0       
   2.8e+03   1.1e+02   0.95      0       
   2.8e+03   1.1e+02   0.95      0       
   2.8e+03   1.1e+02   0.95      0       
   2.8e+03   1.1e+02   0.95      0       
   2.8e+03   1.1e+02   0.95      0       
   2.8e+03   1.1e+02   0.95      0       
   2.8e+03   1.1e+02   0.95      0       
   2.8e+03   1.1e+02   0.95      0       
   2.8e+03   1.1e+02   0.95      0       
   2.8e+03   1.1e+02   0.95      0       
   2.8e+03   1.1e+02   0.95      0       
   2.8e+03   1.1e+02   0.95      0       
   2.8e+03   1.1e+02   0.95      0       
   2.8e+03   1.1e+02   0.95      0       
   2.8e+03   1.1e+02   0.95      0       
   2.8e+03   1.1e+02   0.95      0       
   2.8e+03   1.1e+02   0.95      0       
   2.8e+03   1.1e+02   0.95      0       
   2.8e+03   1.1e+02   0.95      0       
   2.8e+03   1.1e+02   0.95      0       
   2.8e+03   1.1e+02   0.95      0       
   2.8e+03   1.1e+02   0.95      0       
   2.8e+03   1.1e+02   0.95      0       
   2.8e+03   1.1e+02   0.95      0       
   2.8e+03   1.1e+02   0.95      0       
   2.8e+03   1.1e+02   0.95      0       
   2.8e+03   1.1e+02   0.95      0       
   2.8e+03   1.1e+02   0.95      0       
   2.8e+03   1.1e+02   0.95      0       
   2.8e+03   1.1e+02   0.95      0       
   2.8e+03   1.1e+02   0.95      0       
   2.8e+03   1.1e+02   0.95      0       
   2.8e+03   1.1e+02   0.95      0       
   2.8e+03   1.1e+02   0.95      0       
   2.8e+03   1.1e+02   0.95      0       
   2.8e+03   1.1e+02   0.95      0       

EFC_D
   8.9     
   8.9     
   8.9     
   8.9     
   8.9     
   8.9     
   8.9     
   8.9     
   8.9     
   8.9     
   8.9     
   8.9     
   8.9     
   8.9     
   8.9     
   8.9     
   8.9     
   8.9     
   8.9     
   8.9     
   8.9     
   8.9     
   8.9     
   8.9     
   8.9     
   8.9     
   8.9     
   8.9     
   8.9     
   8.9     
   8.9     
   8.9     
   9       
   9       
   9       
   9       
   9       
   9       
   9       
   9       
   9       
   9       
   9       
   9       
   9       
   9       
   9       
   9       
   9       
   9       
   9       
   9       
   9       
   9       
   9       
   9       
   9       
   9       
   9       
   9       
   9       
   9       
   9       
   9       
   9       
   9       
   9       
   9       
   9       
   9       
   9       
   9       
   9       
   9       
   9       
   9       
   9       
   9       
   9       
   9       
   9       
   9       
   9       
   9       
   9       
   9       
   9       
   9       
   9       
   9       
   9       
   9       
   9       
   9       
   9       
   9       

EFC_R
   0.11    
   0.11    
   0.11    
   0.11    
   0.11    
   0.11    
   0.11    
   0.11    
   0.11    
   0.11    
   0.11    
   0.11    
   0.11    
   0.11    
   0.11    
   0.11    
   0.11    
   0.11    
   0.11    
   0.11    
   0.11    
   0.11    
   0.11    
   0.11    
   0.11    
   0.11    
   0.11    
   0.11    
   0.11    
   0.11    
   0.11    
   0.11    
   0.11    
   0.11    
   0.11    
   0.11    
   0.11    
   0.11    
   0.11    
   0.11    
   0.11    
   0.11    
   0.11    
   0.11    
   0.11    
   0.11    
   0.11    
   0.11    
   0.11    
   0.11    
   0.11    
   0.11    
   0.11    
   0.11    
   0.11    
   0.11    
   0.11    
   0.11    
   0.11    
   0.11    
   0.11    
   0.11    
   0.11    
   0.11    
   0.11    
   0.11    
   0.11    
   0.11    
   0.11    
   0.11    
   0.11    
   0.11    
   0.11    
   0.11    
   0.11    
   0.11    
   0.11    
   0.11    
   0.11    
   0.11    
   0.11    
   0.11    
   0.11    
   0.11    
   0.11    
   0.11    
   0.11    
   0.11    
   0.11    
   0.11    
   0.11    
   0.11    
   0.11    
   0.11    
   0.11    
   0.11    

CVEL
   0         0         0         0         0         0       
   0         0         0         0         0         0       
   0         0         0         0         0         0       
   0         0         0         0         0         0       
   0         0         0         0         0         0       
   0         0         0         0         0         0       
   0         0         0         0         0         0       
   0         0         0         0         0         0       
   0         0         0         0         0         0       
   0         0         0         0         0         0       

CDOF_DOT
   0        -0         0         0         0         0       
   0         0         0         0         0         0       
   0         0         0         0         0         0       
   0        -0         0         0        -0         0       
   0         0        -0         0         0         0       
   0        -0         0         0         0         0       
  -0         0         0         0         0         0       
  -0         0         0        -0         0         0       
  -0         0         0         0         0         0       

QFRC_BIAS
  -0.0055  
  -0.00043 
  -0.00011 
   0.0048  
  -2.3e-05 
  -8.6e-06 
   0.001   
  -0.00019 
  -0.00035 

QFRC_SPRING
   0       
   0       
   0       
   0       
   0       
   0       
   0       
   0       
   0       

QFRC_DAMPER
   0       
   0       
   0       
   0       
   0       
   0       
   0       
   0       
   0       

QFRC_GRAVCOMP
   0       
   0       
   0       
   0       
   0       
   0       
   0       
   0       
   0       

QFRC_FLUID
   0       
   0       
   0       
   0       
   0       
   0       
   0       
   0       
   0       

QFRC_PASSIVE
   0       
   0       
   0       
   0       
   0       
   0       
   0       
   0       
   0       

EFC_VEL
   0       
   0       
   0       
   0       
   0       
   0       
   0       
   0       
   0       
   0       
   0       
   0       
   0       
   0       
   0       
   0       
   0       
   0       
   0       
   0       
   0       
   0       
   0       
   0       
   0       
   0       
   0       
   0       
   0       
   0       
   0       
   0       
   0       
   0       
   0       
   0       
   0       
   0       
   0       
   0       
   0       
   0       
   0       
   0       
   0       
   0       
   0       
   0       
   0       
   0       
   0       
   0       
   0       
   0       
   0       
   0       
   0       
   0       
   0       
   0       
   0       
   0       
   0       
   0       
   0       
   0       
   0       
   0       
   0       
   0       
   0       
   0       
   0       
   0       
   0       
   0       
   0       
   0       
   0       
   0       
   0       
   0       
   0       
   0       
   0       
   0       
   0       
   0       
   0       
   0       
   0       
   0       
   0       
   0       
   0       
   0       

EFC_AREF
   9.2     
   9.2     
   9.2     
   9.2     
   9.2     
   9.2     
   9.2     
   9.2     
   9.2     
   9.2     
   9.2     
   9.2     
   9.2     
   9.2     
   9.2     
   9.2     
   9.2     
   9.2     
   9.2     
   9.2     
   9.2     
   9.2     
   9.2     
   9.2     
   9.2     
   9.2     
   9.2     
   9.2     
   9.2     
   9.2     
   9.2     
   9.2     
   10      
   10      
   10      
   10      
   10      
   10      
   10      
   10      
   10      
   10      
   10      
   10      
   10      
   10      
   10      
   10      
   8.1     
   8.1     
   8.1     
   8.1     
   8.1     
   8.1     
   8.1     
   8.1     
   8.1     
   8.1     
   8.1     
   8.1     
   8.1     
   8.1     
   8.1     
   8.1     
   10      
   10      
   10      
   10      
   10      
   10      
   10      
   10      
   10      
   10      
   10      
   10      
   10      
   10      
   10      
   10      
   8.4     
   8.4     
   8.4     
   8.4     
   8.4     
   8.4     
   8.4     
   8.4     
   8.4     
   8.4     
   8.4     
   8.4     
   8.4     
   8.4     
   8.4     
   8.4     

SUBTREE_LINVEL
   0         0         0       
   0         0         0       
   0         0         0       
   0         0         0       
   0         0         0       
   0         0         0       
   0         0         0       
   0         0         0       
   0         0         0       
   0         0         0       

SUBTREE_ANGMOM
   0         0         0       
   0         0         0       
   0         0         0       
   0         0         0       
   0         0         0       
   0         0         0       
   0         0         0       
   0         0         0       
   0         0         0       
   0         0         0       

QFRC_ACTUATOR
   0       
   0       
   0       
   0       
   0       
   0       
   0       
   0       
   0       

QFRC_SMOOTH
   0.0055  
   0.00043 
   0.00011 
  -0.0048  
   2.3e-05 
   8.6e-06 
  -0.001   
   0.00019 
   0.00035 

QACC_SMOOTH
   3.1     
   4.1     
   12      
  -2.7     
   0.26    
   0.76    
  -0.58    
  -3.9     
   15      

EFC_B
  -9.2     
  -9.2     
  -9.2     
  -9.2     
  -9.2     
  -9.2     
  -9.2     
  -9.3     
  -9.2     
  -9.2     
  -9.2     
  -9.2     
  -9.2     
  -9.2     
  -9.2     
  -9.3     
  -9.2     
  -9.3     
  -9.3     
  -9.2     
  -9.2     
  -9.3     
  -9.2     
  -9.2     
  -9.2     
  -9.2     
  -9.3     
  -9.2     
  -9.2     
  -9.2     
  -9.2     
  -9.2     
  -10      
  -10      
  -10      
  -10      
  -10      
  -10      
  -10      
  -10      
  -10      
  -10      
  -10      
  -10      
  -10      
  -10      
  -10      
  -10      
  -8.1     
  -8.1     
  -8.1     
  -8.1     
  -8.1     
  -8.1     
  -8.2     
  -8.1     
  -8.1     
  -8.1     
  -8.2     
  -8.1     
  -8.1     
  -8.1     
  -8.1     
  -8.1     
  -10      
  -10      
  -10      
  -10      
  -10      
  -10      
  -10      
  -10      
  -10      
  -10      
  -10      
  -10      
  -10      
  -10      
  -10      
  -10      
  -8.4     
  -8.4     
  -8.4     
  -8.4     
  -8.4     
  -8.4     
  -8.4     
  -8.4     
  -8.4     
  -8.4     
  -8.4     
  -8.4     
  -8.4     
  -8.4     
  -8.4     
  -8.4     

EFC_FORCE
   82      
   82      
   82      
   82      
   82      
   82      
   82      
   82      
   82      
   82      
   82      
   82      
   82      
   82      
   82      
   82      
   82      
   82      
   82      
   82      
   82      
   82      
   82      
   82      
   82      
   82      
   82      
   82      
   82      
   82      
   82      
   82      
   93      
   92      
   92      
   92      
   92      
   93      
   93      
   92      
   92      
   93      
   92      
   92      
   93      
   92      
   93      
   92      
   73      
   73      
   73      
   73      
   73      
   73      
   73      
   73      
   73      
   73      
   73      
   73      
   73      
   73      
   73      
   73      
   90      
   90      
   90      
   90      
   90      
   90      
   90      
   90      
   90      
   90      
   90      
   90      
   90      
   90      
   90      
   90      
   75      
   75      
   75      
   75      
   75      
   75      
   75      
   75      
   75      
   75      
   75      
   75      
   75      
   75      
   75      
   75      

EFC_STATE
  1
  1
  1
  1
  1
  1
  1
  1
  1
  1
  1
  1
  1
  1
  1
  1
  1
  1
  1
  1
  1
  1
  1
  1
  1
  1
  1
  1
  1
  1
  1
  1
  1
  1
  1
  1
  1
  1
  1
  1
  1
  1
  1
  1
  1
  1
  1
  1
  1
  1
  1
  1
  1
  1
  1
  1
  1
  1
  1
  1
  1
  1
  1
  1
  1
  1
  1
  1
  1
  1
  1
  1
  1
  1
  1
  1
  1
  1
  1
  1
  1
  1
  1
  1
  1
  1
  1
  1
  1
  1
  1
  1
  1
  1
  1
  1

QFRC_CONSTRAINT
  -0.0053  
   0       
   0       
   0.0044  
   0       
   0       
   0.00088 
   0       
   0       

QFRC_INVERSE
   0       
   0       
   0       
   0       
   0       
   0       
   0       
   0       
   0       

CACC
   0         0         0         0         0         0       
   0         0         0         0         0         0       
   0         0         0         0         0         0       
   0         0         0         0         0         0       
   0         0         0         0         0         0       
   0         0         0         0         0         0       
   0         0         0         0         0         0       
   0         0         0         0         0         0       
   0         0         0         0         0         0       
   0         0         0         0         0         0       

CFRC_INT
   0         0         0         0         0         0       
   0         0         0         0         0         0       
   0         0         0         0         0         0       
   0         0         0         0         0         0       
   0         0         0         0         0         0       
   0         0         0         0         0         0       
   0         0         0         0         0         0       
   0         0         0         0         0         0       
   0         0         0         0         0         0       
   0         0         0         0         0         0       

CFRC_EXT
   0         0         0         0         0         0       
   0         0         0         0         0         0       
   0         0         0         0         0         0       
   0         0         0         0         0         0       
   0         0         0         0         0         0       
   0         0         0         0         0         0       
   0         0         0         0         0         0       
   0         0         0         0         0         0       
   0         0         0         0         0         0       
   0         0         0         0         0         0       

